\fixlen = T
|set|pl_orbper       |pl_bmassj|
|int|double          |double   |
 0   269.30000000     7.10000   
 0   934.30000000     2.01000   
 0   735.10000000     1.85000   
 0   326.03000000     19.40000  
 0   516.21997000     14.74000  
 0   185.84000000     4.80000   
 0   1773.40002000    4.66000   
 0   798.50000000     1.78000   
 0   993.30000000     10.30000  
 0   452.80000000     1.99000   
 0   883.00000000     0.86000   
 0   335.10001000     13.82000  
 0   479.10000000     3.88000   
 0   1078.00000000    2.53000   
 0   2391.00000000    0.54000   
 0   14002.00000000   1.64000   
 0   4.23078500       0.47200   
 0   14.65152000      0.83060   
 0   44.41750000      0.17140   
 0   4825.00000000    3.87800   
 0   0.73653900       0.02542   
 0   262.00000000     0.14100   
 0   4.21500000       0.01600   
 0   38.02100000      0.05700   
 0   123.01000000     0.07200   
 0   116.68800000     7.41600   
 0   691.90000000     3.00000   
 0   952.70000000     5.30000   
 0   181.40000000     3.20000   
 0   10220.00000000   6.05000   
 0   5573.55000000    7.33000   
 0   2883.50000000    2.30000   
 0   3160.00000000    2.66000   
 0   4343.50000000    4.20000   
 0   5840.00000000    6.30000   
 0   1916.25000000    7.70000   
 0   380.80000000     1.80000   
 0   605.20000000     7.80000   
 0   522.30000000     6.10000   
 0   2502.00000000    1.55000   
 0   417.90000000     6.70000   
 0   594.90000000     7.60000   
 0   428.50000000     8.78000   
 0   903.30000000     1.85000   
 0   1285.00000000    1.81100   
 0   357.80000000     2.40000   
 0   530.21000000     22.20600  
 0   3184.83000000    24.66200  
 0   277.02000000     1.70000   
 0   187.83000000     1.50000   
 0   1630.00000000    4.10000   
 0   3.31245680       4.32000   
 0   305.50000000     20.60000  
 0   4.61703300       0.68760   
 0   241.25800000     1.98100   
 0   1276.46000000    4.13200   
 0   136.75000000     2.80000   
 0   121.54000000     0.02200   
 0   7336.50000000    20.95000  
 0   655.60000000     5.10000   
 0   714.29999000     9.78000   
 0   1667.00000000    0.53000   
 0   3.48777000       0.59000   
 0   5.60000000       0.04000   
 0   237.60000000     0.33000   
 0   3.87280000       0.02700   
 0   125.94000000     0.17000   
 0   268.94000000     1.04000   
 0   137.48000000     1.11000   
 0   578.20000000     4.20000   
 0   379.63000000     55.59000  
 0   621.99000000     12.47000  
 0   392.60000000     0.91000   
 0   2590.00000000    1.60000   
 0   10037.50000000   10.50000  
 0   1.50895570       1.03000   
 0   1.74299350       3.47000   
 0   4.25680000       21.66000  
 0   9.20205000       0.72000   
 0   4.03789620       0.46700   
 0   8.88659300       2.96000   
 0   0.85359163       0.01000   
 0   3.69800000       0.02643   
 0   6.21229000       0.22000   
 0   95.27265600      0.84000   
 0   13.24060000      2.75000   
 0   2.99433000       2.33000   
 0   2.82804200       0.91700   
 0   4.03519000       1.30800   
 0   1.51214000       7.60000   
 0   5.35227000       0.53500   
 0   3.76810000       2.43000   
 0   1.90006930       3.47000   
 0   3.89713000       1.11000   
 0   9.24285000       4.30000   
 0   9.75598000       0.03800   
 0   3.63130000       2.80000   
 0   5.11340000       0.01800   
 0   11.75900000      0.08800   
 0   4.86069000       0.27000   
 0   4.20474000       0.52000   
 0   3.57532000       10.39000  
 0   5.20851000       0.48400   
 0   2.85057000       0.85000   
 0   246.36000000     28.50000  
 0   15.76491000      4.42000   
 0   8.63182000       0.03335   
 0   25.63058000      0.02140   
 0   603.95116000     0.09250   
 0   2288.00000000    0.82000   
 0   692.00000000     2.50000   
 0   4100.00000000    2.30000   
 0   7.36970000       0.01668   
 0   2.64388312       0.07000   
 0   5.36860000       0.04970   
 0   12.91400000      0.01730   
 0   3.14900000       0.00530   
 0   598.30000000     0.32800   
 0   7.20040000       0.01800   
 0   28.14000000      0.01200   
 0   62.24000000      0.00800   
 0   39.02600000      0.00800   
 0   256.20000000     0.01400   
 0   4.69380000       0.03500   
 0   1056.80005000    4.96000   
 0   3.60050000       0.01400   
 0   35.39000000      0.02500   
 0   38.14000000      0.06000   
 0   3657.00000000    0.68000   
 0   35.68000000      0.01700   
 0   1882.00000000    1.00000   
 0   61.11660000      2.27560   
 0   30.08810000      0.71420   
 0   1.93778000       0.02100   
 0   124.26000000     0.04600   
 0   1.58040456       0.01970   
 0   133.71000000     3.37000   
 0   30.59870000      0.07406   
 0   122.61960000     0.06636   
 0   14.20700000      0.02080   
 0   3.33664960       0.04373   
 0   2.64561000       0.02600   
 0   4.46529976       0.52500   
 0   5.63351580       8.62000   
 0   2.89970000       0.65000   
 0   3.05653600       0.67100   
 0   2.78849000       0.98000   
 0   3.85298000       1.32000   
 0   3.07634000       1.28000   
 0   3.92281072       0.74900   
 0   3.21305980       0.21100   
 0   2.91625000       0.85100   
 0   446.27000000     14.28000  
 0   4.62767000       3.44000   
 0   10.86350000      1.94000   
 0   2.77596000       4.19300   
 0   10.33852000      0.58000   
 0   5584.00000000    3.40000   
 0   5.50802300       0.19700   
 0   4.00877800       0.29200   
 0   2.87531700       7.24600   
 0   4.12448000       4.87000   
 0   3.21222000       2.47000   
 0   1.21288000       1.34000   
 0   3.35524000       0.75000   
 0   3.65281514       0.56900   
 0   4.23452000       0.07000   
 0   3.03957700       0.62000   
 0   3.25721500       0.62600   
 0   5.72319000       0.88000   
 0   2.81060000       0.83000   
 0   5.00542000       2.27000   
 0   2.15000820       0.68000   
 0   3.47447000       0.92000   
 0   5.45265000       7.01000   
 0   3.64671000       7.52000   
 0   1.32734683       1.84820   
 0   2.79743600       1.16900   
 0   4.64038200       0.26700   
 0   3.54387000       0.59900   
 0   4.45724000       0.48000   
 0   2.69405000       1.19000   
 0   4.64187800       1.04400   
 0   3.33268700       0.66200   
 0   4.30121900       0.35200   
 0   872.20000000     4.00000   
 0   3.12899200       0.89200   
 0   4.46312900       0.49300   
 0   2.69155000       2.20000   
 0   3.79984700       0.76000   
 0   3.44645900       1.85500   
 0   1.35413300       1.34500   
 0   3.54785100       1.07100   
 0   2.51672900       1.32300   
 0   4.76338700       0.23700   
 0   3.32527250       0.31900   
 0   349.70000000     1.25000   
 0   6005.00000000    5.30000   
 0   492.30000000     0.33000   
 0   5.77152000       0.02026   
 0   428.50000000     2.75000   
 0   577.20000000     0.93400   
 0   2149.00000000    3.62000   
 0   270.00000000     6.43000   
 0   533.00000000     8.79000   
 0   1120.00000000    6.29000   
 0   3.44420000       0.42000   
 0   311.60001000     1.37000   
 0   62.25000000      0.22800   
 0   526.62000000     1.56000   
 0   431.88000000     2.23000   
 0   6700.00000000    2.17000   
 0   832.97000000     0.81000   
 0   15.56000000      0.05000   
 0   356.21000000     1.92700   
 0   360.20000000     2.37000   
 0   2732.00000000    2.37000   
 0   637.10000000     1.55600   
 0   872.20000000     1.05300   
 0   779.90000000     1.68100   
 0   177.11000000     7.63000   
 0   21.99800000      0.49000   
 0   2496.00000000    1.68000   
 0   615.00000000     0.27000   
 0   1255.50000000    0.50800   
 0   5.39792000       0.02000   
 0   15.29900000      0.02473   
 0   24.45100000      0.02026   
 0   1313.00000000    0.68000   
 0   227.00000000     2.03000   
 0   1634.00000000    14.20000  
 0   30.05200000      0.70000   
 0   192.90000000     1.82000   
 0   5.75969000       0.04160   
 0   16.35700000      0.03780   
 0   49.74800000      0.08050   
 0   122.74400000     0.07220   
 0   604.67000000     0.07320   
 0   2205.00000000    0.20660   
 0   1032.30000000    1.48700   
 0   989.20000000     0.94000   
 0   1075.69000000    6.38300   
 0   1622.10000000    4.83000   
 0   223.41000000     0.40800   
 0   711.00000000     6.54000   
 0   1945.00000000    0.62200   
 0   37.91000000      0.07880   
 0   262.70862000     2.43000   
 0   1708.00000000    1.81200   
 0   471.60001000     10.95000  
 0   19.38200000      0.86500   
 0   931.00000000     5.13000   
 0   4218.00000000    2.20000   
 0   1455.00000000    7.80000   
 0   75.52300000      0.26000   
 0   17.24000000      0.06960   
 0   990.00000000     5.10000   
 0   359.89999000     10.13000  
 0   21.21663000      3.51000   
 0   766.00000000     3.40000   
 0   466.20000000     1.37000   
 0   18.31500000      0.00850   
 0   40.11400000      0.00760   
 0   90.30900000      0.01500   
 0   597.06430000     1.48780   
 0   380.85001000     1.25000   
 0   1211.17000000    1.52700   
 0   730.59998000     2.61000   
 0   528.07000000     13.65000  
 0   1561.00000000    9.03000   
 0   3668.00000000    3.86000   
 0   1802.29000000    0.91500   
 0   428.10000000     1.56000   
 0   2198.14000000    1.49400   
 0   18.02000000      0.66500   
 0   1116.00000000    1.16000   
 0   379.00000000     5.90000   
 0   380.20000000     1.54200   
 0   2527.83000000    8.62200   
 0   1157.00000000    1.22000   
 0   1684.00000000    0.47000   
 0   847.00000000     1.54700   
 0   466.00000000     0.62000   
 0   157.54000000     3.04000   
 0   326.00000000     1.38500   
 0   18.19910000      0.32900   
 0   388.00000000     9.10000   
 0   1049.00000000    0.82000   
 0   154.37800000     0.67500   
 0   885.50000000     0.65200   
 0   1862.00000000    0.69600   
 0   55.01292000      2.69000   
 0   2720.00000000    3.19000   
 0   363.20001000     0.40000   
 0   14.30944000      0.79700   
 0   2136.10000000    12.99000  
 0   685.25000000     9.69800   
 0   2093.07000000    10.02000  
 0   4.31230000       0.01260   
 0   9.61840000       0.02080   
 0   20.43200000      0.02990   
 0   51.76000000      0.01640   
 0   197.80000000     0.02230   
 0   264.14999000     4.67000   
 0   963.00000000     2.54000   
 0   1.32830000       18.37000  
 0   327.80000000     0.60000   
 0   36.99870000      2.55000   
 0   472.30000000     0.58000   
 0   226.93000000     0.18720   
 0   342.85000000     0.65790   
 0   963.60000000     1.79000   
 0   44.07300000      0.43300   
 0   3.02357300       0.22600   
 0   4.08450000       0.07000   
 0   1353.60000000    0.35061   
 0   712.13000000     7.32000   
 0   778.51000000     1.52500   
 0   4.94737000       0.10000   
 0   2447.10000000    1.63600   
 0   1293.00000000    4.95400   
 0   119.27000000     1.21000   
 0   201.90000000     1.06000   
 0   600.10000000     2.51000   
 0   589.64000000     2.30000   
 0   2.81805000       0.25000   
 0   358.00000000     0.53000   
 0   577.60000000     1.29500   
 0   5370.00000000    2.03000   
 0   480.50000000     6.00000   
 0   2263.12000000    3.20400   
 0   352.20000000     3.06000   
 0   2374.00000000    4.85000   
 0   6.27711000       1.97000   
 0   8.66700000       0.03210   
 0   31.56000000      0.03710   
 0   197.00000000     0.05700   
 0   851.80000000     6.10000   
 0   2124.54000000    1.99300   
 0   3658.00000000    3.85000   
 0   1245.36000000    3.09700   
 0   188.30000000     3.08000   
 0   379.10000000     2.25000   
 0   1750.00000000    1.11200   
 0   51.64500000      1.80000   
 0   2473.00000000    8.06000   
 0   3.50927000       0.49000   
 0   341.20000000     1.00000   
 0   422.90000000     2.71000   
 0   3.97097000       0.21000   
 0   5.73610000       0.06000   
 0   1807.00000000    1.34000   
 0   111.43670000     4.38000   
 0   1001.70001000    7.27000   
 0   184.02000000     2.70000   
 0   441.47000000     1.68100   
 0   220.07800000     1.95900   
 0   705.00000000     2.33000   
 0   2.98570000       0.34000   
 0   799.52000000     0.09900   
 0   58.43000000      0.01000   
 0   2.13784310       1.48000   
 0   1695.00000000    0.92000   
 0   1475.00000000    7.00000   
 0   2754.00000000    1.54000   
 0   3.41488400       0.28450   
 0   2166.00000000    2.11000   
 0   256.78000000     8.35000   
 0   49.77000000      0.05700   
 0   325.80300000     3.76000   
 0   143.58000000     0.37000   
 0   464.40000000     1.26000   
 0   482.00000000     10.63000  
 0   362.50000000     1.27000   
 0   498.04000000     0.71700   
 0   647.29999000     20.96000  
 0   9.49090000       0.03000   
 0   433.80000000     1.96400   
 0   6022.97250000    6.79000   
 0   439.29999000     0.44000   
 0   17.04310000      0.07000   
 0   841.00000000     1.23000   
 0   157.57001000     1.61000   
 0   383.70001000     1.03000   
 0   70.46000000      0.25000   
 0   20.81330000      0.17000   
 0   4.11377000       0.41000   
 0   127.58000000     4.94000   
 0   122.10000000     0.05000   
 0   778.09998000     8.16000   
 0   6.49470000       0.96000   
 0   47.84000000      0.09000   
 0   4.55570000       0.62000   
 0   5.88810000       0.36700   
 0   55.80600000      0.16000   
 0   199.50500000     8.30000   
 0   1531.00000000    6.93000   
 0   1888.00000000    10.13000  
 0   3630.00000000    9.61000   
 0   48.05600000      0.21000   
 0   10.89850000      0.26100   
 0   1129.00000000    3.50000   
 0   437.70000000     2.41400   
 0   394.48123000     1.42000   
 0   1624.00000000    0.99000   
 0   68.27000000      0.86000   
 0   7.85430000       0.05400   
 0   30.93000000      0.07600   
 0   5.23989100       0.27000   
 0   835.47700000     11.09000  
 0   1143.00000000    7.14000   
 0   324.00000000     2.83000   
 0   663.20000000     0.36000   
 0   1818.00000000    0.93000   
 0   937.70001000     1.14000   
 0   4000.00000000    0.35700   
 0   83.91510000      10.69000  
 0   493.70000000     1.10000   
 0   1121.79000000    0.82500   
 0   670.00000000     1.40000   
 0   2621.75000000    1.92600   
 0   25.80000000      0.17400   
 0   6.13350000       2.79000   
 0   2082.00000000    4.50000   
 0   63.33000000      1.51000   
 0   557.04000000     3.10000   
 0   4.15514000       0.05500   
 0   2835.00000000    7.28000   
 0   9.67370000       0.02000   
 0   1244.00000000    0.41000   
 0   453.01900000     1.76900   
 0   921.53800000     3.78900   
 0   1840.00000000    1.60000   
 0   10.70871000      1.15000   
 0   896.00000000     1.80000   
 0   974.00000000     5.38000   
 0   1544.00000000    1.49000   
 0   1951.00000000    19.12000  
 0   258.17999000     1.61000   
 0   5000.00000000    0.82000   
 0   464.29999000     2.14000   
 0   1125.70000000    9.76000   
 0   330.00000000     0.20000   
 0   653.21997000     9.69000   
 0   1299.00000000    3.07000   
 0   386.29999000     1.67000   
 0   1039.15000000    3.53200   
 0   176.30000000     2.23000   
 0   1928.00000000    4.44000   
 0   103.95000000     6.02000   
 0   2730.00000000    2.28000   
 0   44.23600000      2.12000   
 0   1008.00000000    6.56000   
 0   528.40000000     1.21000   
 0   1027.00000000    0.85000   
 0   331.50000000     1.30000   
 0   2.87589000       0.38000   
 0   4.07182000       1.33000   
 0   5894.00000000    2.71000   
 0   2918.92000000    2.66100   
 0   686.50000000     1.86900   
 0   499.39999000     2.95000   
 0   3341.55884000    0.82000   
 0   163.94000000     5.37000   
 0   408.60001000     2.45000   
 0   3452.00000000    2.58000   
 0   194.30000000     0.99000   
 0   391.90000000     0.82000   
 0   131.05000000     9.88000   
 0   842.20000000     0.74000   
 0   4.64550000       0.01300   
 0   359.51001000     10.67000  
 0   521.00000000     1.53000   
 0   12.62000000      1.13000   
 0   248.40000000     1.90000   
 0   1184.10000000    2.21800   
 0   351.00000000     0.76800   
 0   643.25000000     1.67600   
 0   4205.80000000    1.81400   
 0   9.63860000       0.03321   
 0   310.55000000     0.52190   
 0   8.42820000       9.84000   
 0   75.22030000      0.78360   
 0   1272.00000000    2.20100   
 0   280.17000000     0.44300   
 0   1155.00000000    0.31000   
 0   641.47200000     1.99792   
 0   5144.00000000    3.53000   
 0   420.77000000     1.70000   
 0   58.11247000      7.65900   
 0   1749.83000000    17.19300  
 0   6.40400000       0.27000   
 0   225.62000000     2.88000   
 0   2102.00000000    4.04000   
 0   1145.00000000    0.66000   
 0   550.00000000     2.62000   
 0   1532.00000000    2.72000   
 0   323.60000000     2.70000   
 0   1290.00000000    8.97000   
 0   298.43000000     0.59800   
 0   410.10001000     1.69000   
 0   110.90000000     0.15000   
 0   71.48400000      8.03000   
 0   14.47900000      0.08100   
 0   3.09251400       0.91600   
 0   396.03000000     20.13000  
 0   510.90000000     1.68500   
 0   564.10000000     2.54000   
 0   9.37430000       0.02000   
 0   962.00000000     0.64000   
 0   2172.00000000    0.54000   
 0   956.00000000     0.40000   
 0   626.51599000     3.95000   
 0   3070.00000000    3.57000   
 0   6.83776000       1.01000   
 0   1019.74000000    0.83600   
 0   3.09658280       0.52300   
 0   3810.00000000    1.99000   
 0   461.20000000     1.50000   
 0   2.21857567       1.13000   
 0   2915.03687000    1.54000   
 0   17.11100000      0.06000   
 0   1176.45000000    1.98500   
 0   4885.00000000    3.10000   
 0   24.35560000      0.56000   
 0   74.72000000      0.05320   
 0   525.80000000     0.07600   
 0   340.94000000     2.09600   
 0   18.20132000      3.98000   
 0   1378.00000000    3.18000   
 0   3638.00000000    6.90000   
 0   1333.00000000    2.58000   
 0   1035.70000000    0.79000   
 0   606.30000000     1.59900   
 0   852.50000000     1.21400   
 0   1260.00000000    17.90000  
 0   1920.09998000    3.46000   
 0   1733.00000000    0.23000   
 0   279.80000000     1.37000   
 0   673.20000000     2.03600   
 0   160.07000000     0.56000   
 0   1155.70000000    0.73000   
 0   875.50000000     9.90000   
 0   130.08000000     0.52000   
 0   3.52474859       0.73000   
 0   442.19000000     1.29000   
 0   354.10000000     1.80800   
 0   380.70000000     2.39000   
 0   2.24571000       0.51000   
 0   882.70001000     5.58000   
 0   3.93404000       0.02000   
 0   567.94000000     0.33000   
 0   1311.00000000    1.26000   
 0   1334.28000000    2.22300   
 0   148.60001000     1.05000   
 0   118.45000000     0.57000   
 0   7.12682000       1.30000   
 0   4270.00000000    2.60000   
 0   1319.00000000    13.00000  
 0   225.70000000     0.20000   
 0   5501.00000000    10.39000  
 0   2093.30000000    1.00000   
 0   3.83492000       0.06600   
 0   672.09998000     16.64000  
 0   2266.40000000    1.11800   
 0   3724.70000000    1.45000   
 0   456.10000000     3.09000   
 0   3999.00000000    2.12000   
 0   572.38000000     8.37000   
 0   26.69040000      0.70000   
 0   141.63000000     1.13000   
 0   192.00000000     6.57500   
 0   501.75000000     5.21000   
 0   745.70001000     15.89000  
 0   2443.00000000    2.43000   
 0   8.78360000       0.02600   
 0   6.08810000       0.98000   
 0   3.38773000       0.48000   
 0   345.72000000     1.42000   
 0   9017.76000000    15.04000  
 0   57.43500000      0.36000   
 0   6.67389200       3.90000   
 0   147.74700000     1.31000   
 0   981.80000000     0.59000   
 0   41.38000000      0.30425   
 0   8.13520000       0.02000   
 0   32.03000000      0.40902   
 0   431.70000000     0.52670   
 0   124.60000000     9.18000   
 0   88.90000000      1.38000   
 0   2131.80000000    5.98000   
 0   17337.50000000   9.00000   
 0   511.09800000     8.82000   
 0   111.70000000     2.10000   
 0   5.05050000       1.09000   
 0   1058.80000000    20.00000  
 0   184.20000000     8.20000   
 0   9.12050000       0.04000   
 0   302.79999000     2.27000   
 0   170000.00000000  7.00000   
 0   69000.00000000   10.00000  
 0   37000.00000000   10.00000  
 0   1.21751400       27.23000  
 0   4.11379000       1.70000   
 0   2.70339000       1.94000   
 0   7.84570000       0.52000   
 0   2.47063000       1.49000   
 0   2.20474000       1.84000   
 0   4.88780244       0.07362   
 0   3.21346000       0.07700   
 0   3.54846570       2.11100   
 0   3.23469960       0.66800   
 0   4.88548920       0.44100   
 0   3.52249910       0.59000   
 0   19.23891000      0.13655   
 0   38.98530000      0.09408   
 0   0.83749100       0.01450   
 0   45.29430100      0.05400   
 0   10.30390000      0.00600   
 0   13.02410000      0.00900   
 0   22.68450000      0.02300   
 0   31.99960000      0.02500   
 0   46.68880000      0.00600   
 0   118.38070000     0.07900   
 0   4.43796290       0.43200   
 0   1.76358800       9.28000   
 0   6.79012300       8.40000   
 0   4.94278200       0.66000   
 0   228.77600000     0.33300   
 0   1.48571080       2.45000   
 0   3.50472500       0.02200   
 0   7.64159000       0.05400   
 0   14.85888000      0.05200   
 0   9.28716000       0.02643   
 0   28.73100000      0.04122   
 0   3.69611525       0.03052   
 0   10.85409089      0.04012   
 0   77.61130017      0.03168   
 0   2.78578000       0.01598   
 0   289.86230000     0.11300   
 0   7.10730000       0.80000   
 0   10.74210000      2.70000   
 0   8.14530000       1.60000   
 0   12.33350000      1.60000   
 0   6.23829700       0.02750   
 0   12.72070000      0.04790   
 0   122.40000000     0.22600   
 0   12.28000000      0.01611   
 0   17.25590000      0.01951   
 0   15.33480000      9.11000   
 0   31.33090000      13.80000  
 0   5.91230000       1.51000   
 0   8.98580000       1.36000   
 0   10.33840000      0.01419   
 0   13.28840000      0.01259   
 0   29.33434000      0.03600   
 0   60.32310500      2.01000   
 0   143.34394000     0.07300   
 0   42.63180000      4.70000   
 0   87.64510000      6.80000   
 0   5.90124000       4.10000   
 0   8.75220000       0.50000   
 0   288.82200000     0.22000   
 0   131.45800000     0.12700   
 0   13.83989000      0.01400   
 0   16.23855000      0.02500   
 0   13.36731000      0.01000   
 0   21.30200000      0.03776   
 0   39.79220000      0.03839   
 0   105.59900000     0.38400   
 0   21.08721000      20.10000  
 0   6.87349000       2.20000   
 0   1.85555820       0.56000   
 0   3.02409490       3.23000   
 0   3.24672930       1.00000   
 0   2.45523900       0.50500   
 0   33.60134000      6.00000   
 0   57.01100000      0.37600   
 0   49.46430000      0.00651   
 0   303.22700000     0.00997   
 0   4.77800000       0.01240   
 0   9.67395000       0.04597   
 0   42.89610000      0.02500   
 0   982.00000000     2.06700   
 0   7.20379450       0.98000   
 0   10.91293430      0.72000   
 0   45.15400000      0.00700   
 0   85.31200000      0.01300   
 0   130.19400000     0.02400   
 0   7.87735650       8.70000   
 0   16.38500210      10.41000  
 0   18.64895250      18.41000  
 0   38.55830380      15.74000  
 0   8.01094340       0.92000   
 0   12.07172490      0.37000   
 0   27.94814490      1.49000   
 0   42.15164180      1.11000   
 0   10.50160000      0.07000   
 0   21.40239000      0.57000   
 0   5.72931960       18.86000  
 0   11.60925670      6.95000   
 0   10.21849540      1.39000   
 0   15.57415680      2.19000   
 0   11.86817070      2.05000   
 0   17.98012350      1.37000   
 0   7.13340000       0.01318   
 0   8.91870000       0.01211   
 0   11.89810000      0.01309   
 0   5.71493200       0.03000   
 0   12.44170000      0.01300   
 0   18.16406000      0.04400   
 0   122.38740000     0.11300   
 0   267.29100000     0.11000   
 0   9.43415050       0.37800   
 0   138.31700000     0.53100   
 0   5.39880000       0.02407   
 0   9.60510000       0.00642   
 0   634.60000000     0.77000   
 0   0.24010400       0.00140   
 0   0.34288700       0.00210   
 0   7.34071100       0.63000   
 0   8.88491160       10.10000  
 0   1.54492980       2.01000   
 0   3.57878087       0.43000   
 0   0.35500744       0.01000   
 0   13.48450000      0.03430   
 0   27.40290000      0.01900   
 0   52.09020000      0.01900   
 0   81.06590000      0.01300   
 0   7.05246000       0.02180   
 0   9.52355000       0.02121   
 0   3.07222000       0.02124   
 0   4.64489000       0.01299   
 0   26.44000000      0.03823   
 0   51.54000000      0.04373   
 0   114.73635000     1.02000   
 0   191.23180000     0.02000   
 0   10.95416000      0.02700   
 0   22.33950000      0.62600   
 0   3.74320800       0.03300   
 0   10.42364800      0.04900   
 0   22.34298900      0.33400   
 0   54.32031000      0.11000   
 0   6.24658000       0.81000   
 0   13.74900000      0.20200   
 0   26.72300000      0.01900   
 0   4.72674000       0.01000   
 0   1460.00000000    3.00000   
 0   2.50806000       0.03400   
 0   820.30000000     9.83600   
 0   11.52310000      0.04100   
 0   16.23850000      0.02700   
 0   2.58664000       0.01100   
 0   789.00000000     1.08000   
 0   1.54168000       0.01100   
 0   4.60358000       0.01900   
 0   6.88705000       0.02300   
 0   12.81590000      0.02218   
 0   35.33310000      0.00944   
 0   3.48768120       0.16000   
 0   6.02976000       0.01000   
 0   5.28696000       0.01353   
 0   7.07142000       0.00944   
 0   10.31170000      0.01200   
 0   16.14570000      0.02800   
 0   27.45360000      0.01636   
 0   15.96540000      0.03100   
 0   179.61200000     0.11400   
 0   7.12620000       0.01447   
 0   6.16486000       0.01668   
 0   13.57080000      0.03300   
 0   23.98020000      0.02549   
 0   43.84450000      0.03500   
 0   3.18002180       0.01104   
 0   4.90145200       0.02954   
 0   7.95839000       0.01196   
 0   14.74914300      0.02706   
 0   6.48163000       0.02297   
 0   21.22270000      0.06859   
 0   4.75400000       0.03700   
 0   8.92507000       0.02737   
 0   8.04100000       0.00900   
 0   11.77600000      0.01200   
 0   18.79592280      0.09400   
 0   50.79039100      1.84000   
 0   56.26800000      0.11300   
 0   15.09000000      0.00242   
 0   22.80400000      0.00283   
 0   16.09200000      0.05100   
 0   25.51690000      0.02600   
 0   10.31260000      0.00021   
 0   13.78130000      0.00620   
 0   23.08810000      0.00201   
 0   22.95100000      0.11700   
 0   42.88200000      0.25000   
 0   36.85500000      0.00600   
 0   49.41200000      0.02400   
 0   7.38449000       0.02328   
 0   9.84564000       0.01605   
 0   14.78869000      0.02517   
 0   19.72567000      0.01510   
 0   23.65400000      0.53400   
 0   50.44700000      0.04200   
 0   31.88400000      0.05200   
 0   48.64800000      0.05100   
 0   17.32400000      0.27500   
 0   33.00600000      0.20200   
 0   35.73600000      0.15500   
 0   54.41400000      0.11800   
 0   24.80600000      0.19200   
 0   44.34700000      0.17700   
 0   34.54500000      0.02300   
 0   125.85180000     0.42000   
 0   66.06340000      0.01300   
 0   5.48700000       0.03300   
 0   8.29100000       0.01900   
 0   10.42080000      0.02341   
 0   13.07290000      0.01145   
 0   34.92100000      0.09000   
 0   71.31200000      0.12400   
 0   9.34100000       0.02700   
 0   17.84900000      0.01900   
 0   26.13600000      0.04700   
 0   42.99400000      0.23800   
 0   88.50500000      0.05600   
 0   2.42629000       0.02000   
 0   4.62332000       0.00900   
 0   0.66931000       0.01007   
 0   3000.00000000    12.60000  
 0   2.46502000       0.01573   
 0   68.95840000      0.06922   
 0   3.00515600       0.08055   
 0   1.72086040       0.94100   
 0   66.26200000      0.21100   
 0   4.70000000       0.01100   
 0   7.17100000       0.09400   
 0   4.17600000       0.37700   
 0   6.31900000       0.18300   
 0   12.33100000      0.03500   
 0   86.67856000      1.10000   
 0   69.75460000      2.50000   
 0   675.47000000     7.30000   
 0   86.64766100      1.45000   
 0   7.89144830       0.43000   
 0   2.68432850       0.59500   
 0   3.31186440       1.03000   
 0   223.30000000     6.97000   
 0   3.79701816       0.25000   
 0   3.21751883       0.34000   
 0   10.29099400      0.29000   
 0   3.52563254       1.27000   
 0   52.50112900      5.41000   
 0   406.20000000     2.43000   
 0   5.33408384       2.82000   
 0   12.87470990      2.86000   
 0   8.60015360       0.84000   
 0   7.79430132       1.37000   
 0   17.85518200      1.10000   
 0   3.91405000       0.81000   
 0   2774.00000000    0.03300   
 0   1982.00000000    2.56000   
 0   6.95900000       0.32000   
 0   5.11800000       0.40000   
 0   121.71000000     6.69000   
 0   3285.00000000    0.01700   
 0   1788.50000000    0.73000   
 0   4927.50000000    0.27000   
 0   2.48553350       4.50000   
 0   3.10127800       0.62000   
 0   1.21191890       1.39000   
 0   1.43247520       1.26000   
 0   1.68986800       1.18000   
 0   3.97910000       1.01000   
 0   3.67724000       1.03000   
 0   7300000.00000000 14.00000  
 0   3.16062960       2.31000   
 0   4.42640000       0.54000   
 0   2.14610000       1.88000   
 0   66.54190000      0.01353   
 0   98.21140000      0.01227   
 0   1.42002420       1.29400   
 0   1.33711647       2.49400   
 0   4.20000000       3.80000   
 0   1.79600000       9.70000   
 0   3.03007000       0.84000   
 0   1.30618581       1.91000   
 0   3.55395000       0.78000   
 0   1.48224686       1.79000   
 0   198.40000000     2.50000   
 0   559.30000000     10.00000  
 0   1170.00000000    3.20000   
 0   2.51994540       0.85400   
 0   2.15217500       0.93100   
 0   1.84683000       2.43000   
 0   1.33823147       1.18600   
 0   1.62842790       1.58000   
 0   3.36101000       0.37000   
 0   4.95464160       0.96000   
 0   8.15872000       2.54000   
 0   4323.00000000    9.45000   
 0   3.09276160       3.15000   
 0   3.72247000       0.79000   
 0   1.09142000       1.46500   
 0   4.35301000       0.36000   
 0   2.24375000       8.84000   
 0   3.75210000       0.54000   
 0   3.11860000       1.24000   
 0   3.73543000       0.78000   
 0   0.94124000       10.42954  
 0   0.78883899       1.06900   
 0   4.89962840       0.31100   
 0   4.32248200       0.30000   
 0   3.53269000       0.67000   
 0   2.94442560       0.88400   
 0   2.34121000       1.24000   
 0   3.76483000       0.44000   
 0   2.75660000       0.85000   
 0   3.40883000       0.90700   
 0   3.92273000       0.23000   
 0   3.40590960       0.47800   
 0   2.71866000       2.63000   
 0   1.21987000       2.09300   
 0   4.31768000       0.56000   
 0   3.16158000       0.71000   
 0   1.53736596       2.36100   
 0   3.57746900       1.80000   
 0   6.87188000       3.44000   
 0   4.05525900       0.28000   
 0   3.05240000       0.85000   
 0   4.98168190       0.52700   
 0   0.81347500       1.78000   
 0   2.42380400       0.87000   
 0   3.12608900       0.96400   
 0   1.43036763       1.91000   
 0   4.15912890       1.14243   
 0   2.14363000       0.80000   
 0   2.78174000       0.37000   
 0   1.95510000       1.46880   
 0   1.74977980       0.46000   
 0   3.69364000       0.59000   
 0   4.46563000       0.61000   
 0   4.61710000       0.45000   
 0   2.83891856       0.64400   
 0   5.01718000       0.97000   
 0   7.91958500       0.86300   
 0   4.30500000       0.55000   
 0   3.85590000       2.68000   
 0   4.41195000       0.52000   
 0   4.37808000       0.37000   
 0   1.57329180       1.27100   
 0   2.31142430       1.55000   
 0   4.08605000       2.35000   
 0   4.61442000       0.43000   
 0   5.08430000       1.08000   
 0   3.86814000       0.29000   
 0   3.71302030       0.59000   
 0   2.90367000       1.39000   
 0   2.21673000       2.30000   
 0   4.08722000       2.86000   
 0   2.48419300       1.07000   
 0   1.36003000       2.29000   
 0   2.17518000       1.11000   
 0   3.66238000       0.85000   
 0   3.06785234       0.53800   
 0   2.70579000       1.17000   
 0   8.52348650       0.69400   
 0   4.95400000       0.42000   
 0   3.95019000       0.50000   
 0   2.00839000       0.61800   
 0   2.18467000       1.44000   
 0   3.42526020       0.48000   
 0   2.07276000       1.36000   
 0   2.96264036       0.92200   
 0   5.75251000       2.43000   
 0   2.84938000       1.26000   
 0   3.58572000       0.51000   
 0   0.92554200       1.49000   
 0   1.75541370       1.27200   
 0   9.28971000       1.62000   
 0   10.02165000      0.30000   
 0   3.35205700       4.01000   
 0   1.01870680       1.12000   
 0   3.94153000       0.83000   
 0   2.61586178       0.56600   
 0   18.15700000      0.26000   
 0   120.80000000     1.37000   
 0   3.19154000       7.29000   
 0   4.12508000       1.42000   
 0   4.18775580       1.19000   
 0   3.31284600       0.52600   
 0   628.96000000     6.47000   
 0   416.00000000     1.90000   
 0   1084.50000000    6.00000   
 0   144.30000000     1.98000   
 0   2.73477000       1.39000   
 0   3.58524670       0.58200   
 0   3.58389300       0.13800   
 0   240.50300000     0.05034   
 0   2.13775000       0.72000   
 0   4.97125200       0.30000   
 0   3.35642270       5.90000   
 0   19.30440000      0.08495   
 0   32.93962300      0.02807   
 0   2.79083000       2.31000   
 0   3.09292600       0.01491   
 0   6.76458000       0.01372   
 0   46.85900000      0.05088   
 0   3.04404990       0.54300   
 0   2.76676410       1.07100   
 0   3.24406000       0.66000   
 0   1276.00000000    3.71000   
 0   40.00000000      0.05078   
 0   0.38107800       1.40000   
 0   588.50000000     1.25287   
 0   9.03077000       0.04122   
 0   0.78959200       0.02149   
 0   421.00000000     3.18000   
 0   433.70001000     5.63000   
 0   133.60001000     1.96000   
 0   535.59998000     12.89000  
 0   93.40000000      1.31000   
 0   818.80000000     2.60000   
 0   2.46530000       1.41000   
 0   1.62893100       0.00522   
 0   3.12201090       1.35000   
 0   4.21802780       0.30900   
 0   2.75359530       0.81800   
 0   1.96162410       1.48400   
 0   13.50520000      0.01759   
 0   34.90500000      0.05530   
 0   29.01000000      0.02825   
 0   22.71700000      0.02297   
 0   94.20000000      0.03400   
 0   2247.00000000    0.34000   
 0   1.40137940       1.90000   
 0   10.57000000      0.02000   
 0   523.90000000     4.46000   
 0   4375.00000000    3.74000   
 0   3117.00000000    1.53000   
 0   4.88690000       0.00601   
 0   17.87190000      0.01073   
 0   217.21000000     0.02423   
 0   2372.00000000    0.70000   
 0   551.40002000     2.01000   
 0   916.00000000     1.75000   
 0   1.80988600       0.92000   
 0   3.91624300       0.63000   
 0   139.35000000     5.78000   
 0   153.22000000     1.06100   
 0   6.77131500       0.09722   
 0   4850.00000000    7.79000   
 0   20.88977000      0.05978   
 0   42.33910000      0.04845   
 0   2.19740000       1.21000   
 0   232.08000000     2.68000   
 0   82.46700000      3.76000   
 0   499.48000000     1.56000   
 0   218.47000000     3.18000   
 0   58.83000000      2.98000   
 0   28.12500000      0.42800   
 0   67.30000000      0.78400   
 0   94.44000000      0.45100   
 0   201.99000000     1.33000   
 0   1069.80000000    1.18000   
 0   5000.00000000    0.66000   
 0   2.98959320       0.90200   
 0   1560.20000000    5.50000   
 0   822.30000000     2.40000   
 0   1.71005660       1.28400   
 0   3.32944000       1.31000   
 0   3.25883210       0.73000   
 0   16.25461100      1.33800   
 0   26.46800000      5.40000   
 0   4.09850300       0.57900   
 0   4.16627390       0.67900   
 0   1.25785000       1.77400   
 0   1.51087081       0.00267   
 0   2.42182330       0.00434   
 0   4.04961000       0.00129   
 0   2.49979000       1.23000   
 0   3.37265000       0.60000   
 0   3.28883000       0.28411   
 0   5.74814500       1.00000   
 0   2.17642300       1.16000   
 0   81.73778000      0.03335   
 0   125.63243000     0.97000   
 0   7.83443500       0.08306   
 0   1000.00000000    2.40000   
 0   1606.30000000    8.52000   
 0   1854.40000000    20.30000  
 0   1173.00000000    1.61000   
 0   1107.59230000    1.51968   
 0   4682.00000000    14.60000  
 0   4.60543000       0.09000   
 0   3.61127060       4.85000   
 0   2.97764120       0.89900   
 0   4.29864320       0.61300   
 0   3.30238810       0.65000   
 0   4.63703800       0.53000   
 0   3.18107810       0.67200   
 0   4.60587490       0.65300   
 0   3.17435160       0.70600   
 0   1.27492550       1.18300   
 0   5.42486500       3.70000   
 0   4.92700000       0.70000   
 0   1.74748753       2.17000   
 0   2.68650200       3.27000   
 0   1.42261400       0.01227   
 0   5.34088800       0.02454   
 0   4.01593000       0.06000   
 0   10.56103000      0.03115   
 0   4.08700000       0.46000   
 0   2.65567770       1.26500   
 0   4.54216875       0.47500   
 0   1.54877430       1.76900   
 0   3.00265000       0.42600   
 0   5.06963000       0.06702   
 0   8.19979600       1.90000   
 0   2.64977000       0.00777   
 0   13.74000000      0.01970   
 0   41.68550000      0.07000   
 0   299.36000000     6.92000   
 0   840.00000000     11.80000  
 0   13.48100000      12.40000  
 0   11.18600000      0.00400   
 0   649.00000000     1.42000   
 0   3568.00000000    0.42000   
 0   5769.00000000    2.50000   
 0   3.08017160       1.31000   
 0   2.17467420       0.80500   
 0   2.73253210       1.47000   
 0   4.04604350       0.51400   
 0   825.90000000     4.51000   
 0   2.60545520       0.52700   
 0   2.97208600       0.78300   
 0   2557.00000000    0.25171   
 0   7337.00000000    6.80000   
 0   1002.00000000    5.61000   
 0   39.84580000      1.04490   
 0   149.61000000     0.04531   
 0   75.76500000      0.04059   
 0   102.54000000     0.07866   
 0   0.83784000       1.97950   
 0   2.17480000       0.02517   
 0   1179.00000000    1.11000   
 0   1103.00000000    3.07000   
 0   39.47500000      5.45000   
 0   298.20000000     0.89000   
 0   116.59600000     5.14000   
 0   491.54000000     2.30000   
 0   434.50000000     2.89000   
 0   1189.10000000    5.97000   
 0   8.70760000       0.01686   
 0   11.55098000      1.23000   
 0   5.32202300       0.27000   
 0   7.13352100       0.41000   
 0   5.92426200       0.11700   
 0   2.23598350       2.44000   
 0   3.31065100       2.69000   
 0   2.05286800       0.84000   
 0   3.37796000       0.88000   
 0   2.81265480       0.92000   
 0   2.54955510       1.19200   
 0   2.10616070       0.94100   
 0   1.82099930       1.22200   
 0   1270.00000000    3.60000   
 0   871.00000000     1.56000   
 0   4.17806200       0.18000   
 0   5.21535700       1.51000   
 0   3.63443300       1.22000   
 0   3.76500070       4.40000   
 0   11613.00000000   7.60000   
 0   3.30984430       2.13200   
 0   2840.00000000    16.35000  
 0   2.71647620       0.72900   
 0   10.79000000      1.66000   
 0   0.96899510       2.75000   
 0   6.09961500       0.00195   
 0   9.20669000       0.00214   
 0   12.35294000      0.00422   
 0   9.55237000       0.03964   
 0   21.05704000      0.04782   
 0   623.80000000     0.87000   
 0   857.50000000     1.60000   
 0   1362.30000000    2.40000   
 0   4.72281240       2.74000   
 0   2.16051560       1.47000   
 0   1.34849780       2.26000   
 0   34.94000000      0.06280   
 0   511.21000000     2.18000   
 0   1.22003000       0.00560   
 0   5.97400000       0.01315   
 0   257.80000000     0.03304   
 0   5.36360000       0.00636   
 0   40.54000000      0.00727   
 0   18.64980000      0.00909   
 0   4.72340000       0.00371   
 0   48.13450000      0.02391   
 0   13.25430000      0.01032   
 0   4.81010250       0.34000   
 0   62.95000000      0.07079   
 0   2.50792040       4.31000   
 0   1.80535640       6.10000   
 0   2.87923190       4.32000   
 0   24.73695900      0.02196   
 0   2556.50000000    11.10000  
 0   2.87175180       1.18000   
 0   5.03162300       0.95000   
 0   4.73610000       0.17100   
 0   5.35117000       0.02706   
 0   1.48112350       2.88000   
 0   8.50900000       0.02171   
 0   147.02000000     0.01501   
 0   36.07000000      0.16200   
 0   5174.00000000    5.41500   
 0   481.90000000     6.40000   
 0   44.50500000      0.04751   
 0   101.54000000     10.78000  
 0   2.02195960       8.00000   
 0   760.00000000     23.70000  
 0   20.00000000      0.00551   
 0   49.41000000      0.00576   
 0   162.87000000     0.01237   
 0   636.13000000     0.01237   
 0   2.79858100       1.34000   
 0   7.87288000       1.80000   
 0   5.72149000       0.12000   
 0   1.96876000       0.00236   
 0   3.06008000       0.00308   
 0   4.65627000       0.00359   
 0   6.71837000       0.15000   
 0   14.62800000      0.00887   
 0   352.70000000     1.40000   
 0   532.58000000     0.21414   
 0   9.17510000       0.49000   
 0   4.53347100       0.31000   
 0   3.33260900       0.39000   
 0   3.83616900       0.12800   
 0   214.67000000     0.16800   
 0   117.87000000     0.09700   
 0   49.17500000      0.05290   
 0   676.80000000     0.11900   
 0   5700.00000000    0.38000   
 0   2.14878000       3.70000   
 0   1.20898190       0.01545   
 0   3.64809570       0.00264   
 0   6.20146980       0.01271   
 0   3.47410850       3.38200   
 0   2.64729800       0.81200   
 0   0.17971500       0.50000   
 0   9.86580000       0.00440   
 0   415.40000000     3.93000   
 0   578.60000000     2.70000   
 0   1056.40000000    4.40000   
 0   610.20000000     6.30000   
 0   1224.00000000    13.38000  
 0   8.96200000       0.02363   
 0   6.48980000       0.01806   
 0   16.81910000      0.02888   
 0   6.90500000       0.02246   
 0   0.32296400       0.79490   
 0   86.78000000      0.08983   
 0   3.82970150       0.39000   
 0   3.34887020       0.76800   
 0   1.36665436       2.24000   
 0   3.85377680       0.59500   
 0   4.61170930       4.07000   
 0   0.28032440       0.01598   
 0   7.74850000       0.02328   
 0   4100.00000000    6.00000   
 0   562.00000000     3.42000   
 0   733.00000000     1.70000   
 0   2.64460000       0.01816   
 0   3.61276470       3.91000   
 0   5.75999000       0.00572   
 0   7.28243000       0.00541   
 0   10.86499000      0.00881   
 0   25.19670000      0.00905   
 0   1047.83560000    0.50000   
 0   11.16845400      0.39800   
 0   11.87287870      0.01573   
 0   4.57763480       0.63000   
 0   3.26427360       1.59000   
 0   4.19364900       9.70000   
 0   2.29210200       1.88000   
 0   820.20000000     14.00000  
 0   1.70629100       1.09000   
 0   415.20000000     1.02000   
 0   964.60000000     4.58000   
 0   30.35060000      0.91000   
 0   4.38884970       0.26100   
 0   2.74390040       0.56000   
 0   4.18762440       0.70000   
 0   4.74237290       0.17300   
 0   3.18531500       0.12000   
 0   359.15000000     2.30000   
 0   682.85000000     1.88000   
 0   1.67537280       2.38000   
 0   11.81430000      0.11000   
 0   2.18055770       1.23600   
 0   3.20466000       0.86000   
 0   8.92900000       0.00831   
 0   3407.00000000    1.59519   
 0   734.00000000     6.30000   
 0   1675.00000000    17.00000  
 0   42.37800000      0.02665   
 0   2.62666570       1.42000   
 0   11.63344000      0.22300   
 0   4.23370000       1.30000   
 0   50.81894700      0.04657   
 0   1827.00000000    3.87000   
 0   968.80000000     2.33000   
 0   328.55000000     1.23000   
 0   5062.00000000    5.16000   
 0   1552.90000000    7.80000   
 0   1558.00000000    0.67000   
 0   339.33100000     33.70000  
 0   3501.30000000    21.60000  
 0   7900.00000000    5.64000   
 0   31.57865900      0.15291   
 0   2.36917200       0.02058   
 0   4.51116400       0.74000   
 0   6.18023500       3.00000   
 0   0.65852400       0.03545   
 0   7.81400000       0.00091   
 0   14.69700000      0.02800   
 0   19.48200000      0.04499   
 0   2.27831520       0.44000   
 0   1.76903810       0.89000   
 0   3.65633300       2.79000   
 0   3.84040100       0.55000   
 0   9.62468000       5.20000   
 0   4.15365800       0.42000   
 0   5.47743300       0.47000   
 0   1.38665318       3.69000   
 0   4.60273000       0.27500   
 0   3.76849520       0.27800   
 0   1.77712550       2.13000   
 0   3.46550900       0.65800   
 0   73.94000000      0.06186   
 0   6.26790000       0.01517   
 0   5312.00000000    1.54000   
 0   834.00000000     5.97000   
 0   1785.00000000    3.45000   
 0   1278.00000000    5.69000   
 0   1123.00000000    1.52000   
 0   907.00000000     1.27000   
 0   4191.00000000    8.60000   
 0   4319.00000000    0.61100   
 0   141.24167100     1.93000   
 0   5.41608100       0.80600   
 0   1422.00000000    12.70000  
 0   3.02320000       0.02517   
 0   3.65110000       0.02328   
 0   3.77793100       0.00569   
 0   2.72474000       2.26000   
 0   2613.00000000    3.31000   
 0   676.60000000     1.12100   
 0   2278.00000000    3.18000   
 0   858.00000000     1.76800   
 0   1576.00000000    1.26000   
 0   213.72000000     2.19400   
 0   400.50000000     1.61500   
 0   5.40604250       2.49000   
 0   1.60968840       1.87000   
 0   2.34478022       1.60000   
 0   3.47174500       0.03046   
 0   7.13804800       0.04933   
 0   10.45582000      0.02045   
 0   14.76289000      0.03367   
 0   14.89329100      0.31500   
 0   3.56082900       0.66200   
 0   7.81795300       3.40000   
 0   3.27688370       0.17900   
 0   3.05665270       0.96000   
 0   4.90889700       0.96000   
 0   3.10516100       0.82100   
 0   3.14143910       5.33000   
 0   1.60917880       1.45000   
 0   3.58622020       1.29000   
 0   2.22525770       0.57700   
 0   517.80000000     1.99600   
 0   946.60000000     1.86400   
 0   9.21165000       0.03430   
 0   48.36685000      0.77400   
 0   2.22517700       0.02042   
 0   13.35200000      0.05213   
 0   3.30895800       1.01700   
 0   16.98410000      0.07709   
 0   11.84820000      0.03670   
 0   33.92390000      0.04540   
 0   5.31350000       0.00610   
 0   13.89050000      0.01680   
 0   29.15800000      0.03340   
 0   85.50730000      0.04420   
 0   22.67860000      0.02590   
 0   53.73570000      0.05470   
 0   16.55350000      0.03290   
 0   51.20530000      0.04450   
 0   271.67370000     0.03720   
 0   5.88540000       0.03840   
 0   13.13540000      0.02770   
 0   14.07260000      0.04020   
 0   95.94460000      0.04500   
 0   3.26960000       0.03180   
 0   1291.56460000    0.09220   
 0   11.58240000      0.01510   
 0   27.58210000      0.03400   
 0   107.59830000     0.02700   
 0   1.88823780       12.90000  
 0   35.61253000      0.07142   
 0   17.66700000      0.05638   
 0   29.62500000      0.05405   
 0   3.84937278       5.88000   
 0   6.03607000       0.05223   
 0   11.53533000      0.41500   
 0   12.95320000      0.00941   
 0   5.36775300       1.00000   
 0   3.82200000       0.04097   
 0   43500.00000000   8.00000   
 0   15.53140000      0.02089   
 0   2.03204600       1.88000   
 0   9.47725000       5.42000   
 0   13.60880000      0.02832   
 0   20.44150000      0.01447   
 0   24.16000000      0.02832   
 0   7462.05750000    8.37000   
 0   6019.32000000    4.48000   
 0   14763.40500000   26.77000  
 0   10354.83750000   16.88000  
 0   8619.90000000    2.93000   
 0   11611.29750000   3.67000   
 0   14.27670000      0.19000   
 0   3.07172200       0.50800   
 0   4.51950640       0.29900   
 0   4.11177710       0.50200   
 0   187.36600000     0.05984   
 0   7.78993000       0.01164   
 0   3.71495000       0.37100   
 0   1.54073100       1.19000   
 0   1.64532100       0.73600   
 0   17.08900000      0.09439   
 0   34.55600000      0.62927   
 0   22482.00000000   9.70000   
 0   3.35698660       0.22900   
 0   649.91800000     0.48170   
 0   25.20100000      0.04090   
 0   3.24980000       0.02674   
 0   41.51600000      0.03996   
 0   3090.94200000    0.35837   
 0   120.87800000     0.03524   
 0   96.04500000      0.10760   
 0   84.28800000      0.20734   
 0   45.79100000      0.05600   
 0   158.99100000     0.20955   
 0   7.76000000       0.02712   
 0   15.14400000      0.03914   
 0   2.04550000       0.03713   
 0   87.19000000      0.05915   
 0   4.75615000       0.02363   
 0   17.17840000      0.02552   
 0   1.33735080       0.06481   
 0   4.02486700       0.33500   
 0   258.80000000     0.82000   
 0   4.12688000       1.17000   
 0   13.85080000      0.01771   
 0   5.85748700       2.51000   
 0   2.25525100       0.93800   
 0   105.90000000     0.03839   
 0   14.43990000      0.04185   
 0   3225.00000000    14.15000  
 0   8.98910000       11.60000  
 0   4.91000000       0.00330   
 0   11.40900000      0.00349   
 0   1.68279500       2.18000   
 0   960.41000000     0.23700   
 0   58.02035000      0.04782   
 0   31.50972800      0.03398   
 0   4098.10000000    12.02930  
 0   3650.00000000    13.00000  
 0   5.44354000       0.10100   
 0   75.73200000      0.06576   
 0   3.93072000       0.00579   
 0   9.12470000       0.01070   
 0   55.66100000      0.01919   
 0   5.35882000       0.00692   
 0   4.00498000       0.02358   
 0   4.78694910       3.58000   
 0   2.74432452       6.78000   
 0   2.54418280       0.76000   
 0   4.20420010       0.92100   
 0   4.32479900       0.60200   
 0   2.35062100       3.14700   
 0   4.21808960       1.03000   
 0   1200.00000000    9.00000   
 0   27000.00000000   3.23000   
 0   5480.00000000    4.80000   
 0   5.61141180       0.56100   
 0   3.81862440       1.08400   
 0   3.06529070       0.99000   
 0   3.37698480       0.14800   
 0   5.55149260       5.18000   
 0   0.88205900       1.33900   
 0   3.40926400       0.90000   
 0   11.44070000      0.00953   
 0   7600.00000000    0.11327   
 0   3.34482850       1.66000   
 0   5.18170000       0.57000   
 0   9.38755000       0.98000   
 0   2.87867650       2.30000   
 0   203.59000000     0.46300   
 0   15.81900000      0.04090   
 0   5.23540000       0.03209   
 0   17.38000000      0.02611   
 0   24.32900000      0.02014   
 0   471.00000000     0.10068   
 0   26.16100000      0.03115   
 0   3400.00000000    0.14159   
 0   17.47800000      0.01384   
 0   57.32000000      0.02737   
 0   2390.00000000    5.90000   
 0   4368.00000000    4.50000   
 0   4640.00000000    14.48228  
 0   996.00000000     0.87000   
 0   8799.00000000    5.54000   
 0   16510.00000000   3.25000   
 0   4.23130600       1.22000   
 0   2500.00000000    22.00000  
 0   1756.20000000    22.16000  
 0   2.49970000       0.93000   
 0   4.43527000       2.90000   
 0   1728.00000000    0.20000   
 0   2058.00000000    1.78000   
 0   3.50619500       0.66800   
 0   10140.00000000   0.00620   
 0   237.68977000     7.69300   
 0   1.00803500       0.02778   
 0   4.78503000       0.06277   
 0   2.15580000       0.17368   
 0   7.63000000       0.20199   
